kp1 = 5;
kp2 = 5;
kp3 = 5;

Pmax1 = 1.122; % (0.7317e8)
Pmax2 = 1.200; % (1.636e8)
Pmax3 = 1.15;  %(0.8553e8)
Pmin1 = 0.878;
Pmin2 = 0.800;
Pmin3 = 0.850;
kv = 4;

ts_pi = 5;
Vnom_prim = 230e3;
Pnom = 100e6;
t_st = 5;

ct = 2;
% save('result60.mat','P','fre','V_mag');

% Kf = 0.000001;
% Tf = 1;
% Ka = 20;
% Ta = 0.2;
% 
% SM.One_Llq = 0.1969;