kp1 = 5;
kp2 = 5;
kp3 = 5;

Pmax1 = 1.122; % (0.7317e8)
Pmax2 = 1.200; % (1.636e8)
Pmax3 = 1.15;  %(0.8553e8)
Pmin1 = 0.878;
Pmin2 = 0.850;
Pmin3 = 0.850;
kv = 4;

ts_pi = 5;
ct = 4;
Ts = 5e-5;
% save('result60.mat','P','fre','V_mag');